Métricas precision: 
    Shopping  Community      Food  Entertainment    Travel  Outdoors  Nightlife
0  0.235294   0.095890  0.440860       0.063830  0.140625  0.000000   0.000000
1  0.301887   0.133333  0.333333       0.080000  0.071429  0.000000   0.050000
2  0.291667   0.185185  0.428571       0.081081  0.054545  0.102941   0.000000
3  0.257576   0.137931  0.333333       0.066667  0.111111  0.038462   0.038095
4  0.280899   0.222222  0.451220       0.068182  0.050000  0.016667   0.023810
Métricas recall: 
    Shopping  Community      Food  Entertainment    Travel  Outdoors  Nightlife
0  0.110092   0.152174  0.259494       0.125000  0.346154  0.000000   0.000000
1  0.155340   0.081633  0.251701       0.190476  0.187500  0.000000   0.062500
2  0.128440   0.192308  0.155844       0.130435  0.200000  0.280000   0.000000
3  0.154545   0.135593  0.081481       0.153846  0.142857  0.071429   0.333333
4  0.247525   0.139535  0.224242       0.111111  0.100000  0.071429   0.071429
Métricas fscore: 
    Shopping  Community      Food  ...  accuracy  macro avg  weighted avg
0  0.150000   0.117647  0.326693  ...  0.187500   0.125550      0.209915
1  0.205128   0.101266  0.286822  ...  0.177083   0.123557      0.194840
2  0.178344   0.188679  0.228571  ...  0.158854   0.133121      0.186979
3  0.193182   0.136752  0.130952  ...  0.127604   0.113898      0.141761
4  0.263158   0.171429  0.299595  ...  0.195312   0.135442      0.228846