Métricas precision: 
    Shopping  Community      Food  Entertainment  Travel  Outdoors  Nightlife
0  0.349206   0.230769  0.445902            0.0     1.0       0.0        0.0
1  0.306667   1.000000  0.386364            0.0     0.0       0.0        0.0
2  0.301887   0.000000  0.445455            0.0     0.0       0.0        0.0
3  0.321429   0.000000  0.356707            0.0     0.0       0.0        0.0
4  0.283019   0.000000  0.456835            0.0     0.0       0.0        0.0
Métricas recall: 
    Shopping  Community      Food  Entertainment    Travel  Outdoors  Nightlife
0  0.201835   0.065217  0.860759            0.0  0.115385       0.0        0.0
1  0.223301   0.020408  0.809524            0.0  0.000000       0.0        0.0
2  0.146789   0.000000  0.954545            0.0  0.000000       0.0        0.0
3  0.163636   0.000000  0.866667            0.0  0.000000       0.0        0.0
4  0.297030   0.000000  0.769697            0.0  0.000000       0.0        0.0
Métricas fscore: 
    Shopping  Community      Food  ...  accuracy  macro avg  weighted avg
0  0.255814   0.101695  0.587473  ...  0.427083   0.164554      0.340525
1  0.258427   0.040000  0.523077  ...  0.372396   0.117358      0.274662
2  0.197531   0.000000  0.607438  ...  0.424479   0.114996      0.299678
3  0.216867   0.000000  0.505400  ...  0.351562   0.103181      0.239803
4  0.289855   0.000000  0.573363  ...  0.408854   0.123317      0.322605